# oST version 5.0 parameters


[image]

width
1280

height
720

[narrow_stereo]

camera matrix
771.535345 0.000000 631.749173
0.000000 769.538730 375.187123
0.000000 0.000000 1.000000

distortion
0.138142 -0.199392 -0.001082 -0.003655 0.000000

rectification
1.000000 0.000000 0.000000
0.000000 1.000000 0.000000
0.000000 0.000000 1.000000

projection
770.615051 0.000000 622.176164 0.000000
0.000000 789.070740 374.057515 0.000000
0.000000 0.000000 1.000000 0.000000
